{
    "w": 4032,
    "h": 3024,
    "fl_x": 2823.688701457182,
    "fl_y": 2825.1075334009697,
    "cx": 2032.7814498512134,
    "cy": 1510.6026121722364,
    "k1": 0.058229871042104975,
    "k2": -0.07409549424175779,
    "p1": -0.0001037726870786427,
    "p2": 0.00014134665588147864,
    "camera_model": "OPENCV",
    "frames": [
        {
            "file_path": "images/frame_00412.jpeg",
            "transform_matrix": [
                [
                    0.7034984333345433,
                    0.08551861574845872,
                    -0.7055327920488957,
                    0.2043168634017639
                ],
                [
                    -0.6949083787193957,
                    -0.12531739964558658,
                    -0.7080945519714503,
                    -0.14891505408571132
                ],
                [
                    -0.14897080076788152,
                    0.9884240566207076,
                    -0.02873299170014057,
                    2.6122526723251474
                ],
                [
                    0.0,
                    0.0,
                    0.0,
                    1.0
                ]
            ],
            "colmap_im_id": 420
        },
        {
            "file_path": "images/frame_00410.jpeg",
            "transform_matrix": [
                [
                    0.6933101463105641,
                    0.019295439158543464,
                    -0.7203809596668304,
                    0.2307004150338279
                ],
                [
                    -0.711432728796535,
                    -0.1409524151947116,
                    -0.6884735935734161,
                    -0.44909383484369764
                ],
                [
                    -0.11482383646238348,
                    0.9898283198001845,
                    -0.08399633266758276,
                    4.2448508052701905
                ],
                [
                    0.0,
                    0.0,
                    0.0,
                    1.0
                ]
            ],
            "colmap_im_id": 419
        },
        {
            "file_path": "images/frame_00420.jpeg",
            "transform_matrix": [
                [
                    0.8859991712428765,
                    -0.058482835018335844,
                    -0.45998394163835116,
                    0.10962257719496424
                ],
                [
                    -0.4509975695789297,
                    -0.33917640818189876,
                    -0.825566809147948,
                    0.23673932607821202
                ],
                [
                    -0.10773421365023471,
                    0.9389031484349406,
                    -0.3268856330096528,
                    1.9909980482695384
                ],
                [
                    0.0,
                    0.0,
                    0.0,
                    1.0
                ]
            ],
            "colmap_im_id": 418
        },
        {
            "file_path": "images/frame_00419.jpeg",
            "transform_matrix": [
                [
                    0.8864532060529025,
                    -0.03593463204810005,
                    -0.46142108284960087,
                    0.11599940817057403
                ],
                [
                    -0.4580238236403963,
                    -0.21124588334165756,
                    -0.8634751610492535,
                    0.300643247610387
                ],
                [
                    -0.06644464204404929,
                    0.9767721735342232,
                    -0.2037185081254712,
                    1.7167760057808663
                ],
                [
                    0.0,
                    0.0,
                    0.0,
                    1.0
                ]
            ],
            "colmap_im_id": 417
        },
        {
            "file_path": "images/frame_00418.jpeg",
            "transform_matrix": [
                [
                    0.8927443196256808,
                    9.148823064735461e-06,
                    -0.450563624466489,
                    0.11799281792061632
                ],
                [
                    -0.44930505302988494,
                    -0.07467363148642013,
                    -0.8902521092827821,
                    0.33057160338727987
                ],
                [
                    -0.03365336681362723,
                    0.9972080267812377,
                    -0.0666603497228907,
                    1.4849923694192384
                ],
                [
                    0.0,
                    0.0,
                    0.0,
                    1.0
                ]
            ],
            "colmap_im_id": 416
        },
        {
            "file_path": "images/frame_00408.jpeg",
            "transform_matrix": [
                [
                    0.6940540339792705,
                    -0.020756874414081177,
                    -0.7196236169565723,
                    0.1773979063006265
                ],
                [
                    -0.7052870524475513,
                    -0.22013539861101283,
                    -0.6738772736398042,
                    -0.6477481175011808
                ],
                [
                    -0.14442704582918908,
                    0.9752484598516056,
                    -0.16742541620113943,
                    4.660365573922146
                ],
                [
                    0.0,
                    0.0,
                    0.0,
                    1.0
                ]
            ],
            "colmap_im_id": 415
        },
        {
            "file_path": "images/frame_00417.jpeg",
            "transform_matrix": [
                [
                    0.9602149693050176,
                    0.03667958628138326,
                    -0.2768425918690812,
                    -0.014482092578186733
                ],
                [
                    -0.27869430687457697,
                    0.06268995950791903,
                    -0.9583315982960149,
                    0.2898436268994156
                ],
                [
                    -0.01779595567153454,
                    0.9973588004961513,
                    0.07041822941976562,
                    1.330498034413952
                ],
                [
                    0.0,
                    0.0,
                    0.0,
                    1.0
                ]
            ],
            "colmap_im_id": 414
        },
        {
            "file_path": "images/frame_00411.jpeg",
            "transform_matrix": [
                [
                    0.7242956738546165,
                    0.049253954241783686,
                    -0.6877280166076087,
                    0.1650534410168741
                ],
                [
                    -0.6782373343498119,
                    -0.1285688121277607,
                    -0.7235082437969301,
                    -0.38825909048974727
                ],
                [
                    -0.12405601609574841,
                    0.9904767077218953,
                    -0.059715963785628996,
                    3.5079075867671885
                ],
                [
                    0.0,
                    0.0,
                    0.0,
                    1.0
                ]
            ],
            "colmap_im_id": 413
        },
        {
            "file_path": "images/frame_00416.jpeg",
            "transform_matrix": [
                [
                    0.9932391150739094,
                    0.055695936745698206,
                    -0.10185294751364078,
                    -0.11376314356181773
                ],
                [
                    -0.1041240174258088,
                    0.039513043336583446,
                    -0.9937791044298482,
                    0.238947373065972
                ],
                [
                    -0.05132493821045618,
                    0.997665616344625,
                    0.045045184885760994,
                    1.2917046238671168
                ],
                [
                    0.0,
                    0.0,
                    0.0,
                    1.0
                ]
            ],
            "colmap_im_id": 412
        },
        {
            "file_path": "images/frame_00415.jpeg",
            "transform_matrix": [
                [
                    0.9944756792897758,
                    0.030458446480182817,
                    -0.10045101462480809,
                    -0.11573682394319985
                ],
                [
                    -0.09914050710141582,
                    -0.041855398724499004,
                    -0.9941927808273843,
                    0.2415754170732451
                ],
                [
                    -0.034485984875216834,
                    0.9986593055870592,
                    -0.03860451024892388,
                    1.7549103981896985
                ],
                [
                    0.0,
                    0.0,
                    0.0,
                    1.0
                ]
            ],
            "colmap_im_id": 411
        },
        {
            "file_path": "images/frame_00407.jpeg",
            "transform_matrix": [
                [
                    0.6976701279071654,
                    -0.06063987625066355,
                    -0.7138481617503147,
                    0.16215151496190472
                ],
                [
                    -0.6941546318229702,
                    -0.30369445523601757,
                    -0.6526247198640386,
                    -0.7488530851923291
                ],
                [
                    -0.17721664635331513,
                    0.9508377796802158,
                    -0.25397200040177914,
                    5.046697776208758
                ],
                [
                    0.0,
                    0.0,
                    0.0,
                    1.0
                ]
            ],
            "colmap_im_id": 410
        },
        {
            "file_path": "images/frame_00406.jpeg",
            "transform_matrix": [
                [
                    0.7064393577226992,
                    -0.10461169853085817,
                    -0.6999998759934384,
                    0.13040116855627878
                ],
                [
                    -0.6717068561989463,
                    -0.4107819462363796,
                    -0.6164966277130639,
                    -0.8534401163621874
                ],
                [
                    -0.22305455206219932,
                    0.9057121977630316,
                    -0.360460929405103,
                    5.259630145882095
                ],
                [
                    0.0,
                    0.0,
                    0.0,
                    1.0
                ]
            ],
            "colmap_im_id": 409
        },
        {
            "file_path": "images/frame_00414.jpeg",
            "transform_matrix": [
                [
                    0.9941844395180209,
                    0.003811133806752282,
                    -0.1076233036072845,
                    -0.16858062050093695
                ],
                [
                    -0.1075660453749534,
                    -0.012939781522166398,
                    -0.9941137298803151,
                    -0.20333682210388063
                ],
                [
                    -0.005181322479075519,
                    0.9999090145174537,
                    -0.012454580848113508,
                    2.8285559113654353
                ],
                [
                    0.0,
                    0.0,
                    0.0,
                    1.0
                ]
            ],
            "colmap_im_id": 408
        },
        {
            "file_path": "images/frame_00413.jpeg",
            "transform_matrix": [
                [
                    0.9942009888185964,
                    0.010435059638606298,
                    -0.10703038522991434,
                    -0.19197237579600332
                ],
                [
                    -0.10615126437598642,
                    -0.06408386706178955,
                    -0.9922828059851619,
                    -0.4632153535606237
                ],
                [
                    -0.017213451237464723,
                    0.9978899576169435,
                    -0.06260454922567375,
                    3.5060509950369543
                ],
                [
                    0.0,
                    0.0,
                    0.0,
                    1.0
                ]
            ],
            "colmap_im_id": 407
        },
        {
            "file_path": "images/frame_00405.jpeg",
            "transform_matrix": [
                [
                    0.7284800712656435,
                    -0.14811188690407665,
                    -0.6688644516839842,
                    0.08263877570941575
                ],
                [
                    -0.6338968548891075,
                    -0.5159851886563166,
                    -0.5761371906490702,
                    -0.9561312080581754
                ],
                [
                    -0.2597913838650169,
                    0.8436955339724272,
                    -0.46977258628455537,
                    5.358972202914631
                ],
                [
                    0.0,
                    0.0,
                    0.0,
                    1.0
                ]
            ],
            "colmap_im_id": 406
        },
        {
            "file_path": "images/frame_00409.jpeg",
            "transform_matrix": [
                [
                    0.9939843803198058,
                    0.0035696142667158625,
                    -0.10946373616060404,
                    -0.2726036045248466
                ],
                [
                    -0.10897553136783616,
                    -0.06747608760999527,
                    -0.9917516378428352,
                    -1.1348950000982905
                ],
                [
                    -0.010926355446772932,
                    0.9977145059859736,
                    -0.0666811765179325,
                    4.501715015349202
                ],
                [
                    0.0,
                    0.0,
                    0.0,
                    1.0
                ]
            ],
            "colmap_im_id": 405
        },
        {
            "file_path": "images/frame_00404.jpeg",
            "transform_matrix": [
                [
                    0.8206336332167735,
                    -0.13921100526957766,
                    -0.5542388799473308,
                    0.011622947042958888
                ],
                [
                    -0.5332851645984867,
                    -0.5350752922627778,
                    -0.6552109315549215,
                    -1.0136165984552956
                ],
                [
                    -0.2053469582258358,
                    0.833255499604855,
                    -0.5133399449932378,
                    5.340888405914118
                ],
                [
                    0.0,
                    0.0,
                    0.0,
                    1.0
                ]
            ],
            "colmap_im_id": 404
        },
        {
            "file_path": "images/frame_00403.jpeg",
            "transform_matrix": [
                [
                    0.8963073746269508,
                    -0.13421306763681248,
                    -0.4226345261154832,
                    -0.06070821791581025
                ],
                [
                    -0.4219805717808833,
                    -0.5510202126764234,
                    -0.7199368876932949,
                    -1.0621248993787877
                ],
                [
                    -0.13625522826233658,
                    0.8236283006900295,
                    -0.5505187872122378,
                    5.3415601946012075
                ],
                [
                    0.0,
                    0.0,
                    0.0,
                    1.0
                ]
            ],
            "colmap_im_id": 403
        },
        {
            "file_path": "images/frame_00402.jpeg",
            "transform_matrix": [
                [
                    0.8920624483191049,
                    -0.10665869622318894,
                    -0.439145204708982,
                    -0.037432828384088186
                ],
                [
                    -0.4344078994754682,
                    -0.4702212192313859,
                    -0.7682328955843146,
                    -0.8931808249660581
                ],
                [
                    -0.12455667453908588,
                    0.8760798636565723,
                    -0.46580007226625214,
                    5.162772847431096
                ],
                [
                    0.0,
                    0.0,
                    0.0,
                    1.0
                ]
            ],
            "colmap_im_id": 402
        },
        {
            "file_path": "images/frame_00401.jpeg",
            "transform_matrix": [
                [
                    0.8928921532655619,
                    -0.09174048767753246,
                    -0.4408256861362285,
                    -0.022129976505256773
                ],
                [
                    -0.4315764794840579,
                    -0.45353955914163413,
                    -0.7797715118223789,
                    -0.5861501622705838
                ],
                [
                    -0.12839526857690167,
                    0.8865018619350445,
                    -0.4445549502511073,
                    4.220784983972234
                ],
                [
                    0.0,
                    0.0,
                    0.0,
                    1.0
                ]
            ],
            "colmap_im_id": 401
        },
        {
            "file_path": "images/frame_00400.jpeg",
            "transform_matrix": [
                [
                    0.8910221125784598,
                    -0.10533605897027047,
                    -0.441569824123921,
                    0.06194539369094106
                ],
                [
                    -0.4396361293443721,
                    -0.4426449784628137,
                    -0.7815276686188107,
                    -0.23895191399389504
                ],
                [
                    -0.11313562070063246,
                    0.8904884826443669,
                    -0.4407160010782632,
                    3.1177195098032575
                ],
                [
                    0.0,
                    0.0,
                    0.0,
                    1.0
                ]
            ],
            "colmap_im_id": 400
        },
        {
            "file_path": "images/frame_00399.jpeg",
            "transform_matrix": [
                [
                    0.8885332155503695,
                    -0.07124476677602676,
                    -0.4532470717729461,
                    0.1166796451383309
                ],
                [
                    -0.436396963861224,
                    -0.4362315211548778,
                    -0.7869305877163544,
                    0.1446388129606593
                ],
                [
                    -0.141655973387733,
                    0.8970096115192585,
                    -0.4186971961282317,
                    2.3377601041581455
                ],
                [
                    0.0,
                    0.0,
                    0.0,
                    1.0
                ]
            ],
            "colmap_im_id": 399
        },
        {
            "file_path": "images/frame_00398.jpeg",
            "transform_matrix": [
                [
                    0.9961589722643879,
                    -0.06491368119386241,
                    -0.05876662293360165,
                    -0.791055417244259
                ],
                [
                    -0.0530334026149687,
                    0.08676576737648227,
                    -0.9948161437263916,
                    -4.217383366442898
                ],
                [
                    0.06967610913532093,
                    0.9941116213008638,
                    0.08298990426751372,
                    0.690604102809485
                ],
                [
                    0.0,
                    0.0,
                    0.0,
                    1.0
                ]
            ],
            "colmap_im_id": 398
        },
        {
            "file_path": "images/frame_00397.jpeg",
            "transform_matrix": [
                [
                    0.9950281384805053,
                    -0.0960539571122381,
                    0.026318072784692424,
                    -0.8181514142965548
                ],
                [
                    0.038445352708115506,
                    0.12667636011788075,
                    -0.991198796731732,
                    -4.27947960744828
                ],
                [
                    0.09187468904528953,
                    0.9872825011668975,
                    0.1297393710577712,
                    0.5464996016650074
                ],
                [
                    0.0,
                    0.0,
                    0.0,
                    1.0
                ]
            ],
            "colmap_im_id": 397
        },
        {
            "file_path": "images/frame_00396.jpeg",
            "transform_matrix": [
                [
                    0.9801865575801412,
                    -0.12145393994817451,
                    0.15647125234450415,
                    -0.8348542203350634
                ],
                [
                    0.17331292914324226,
                    0.1434146294033125,
                    -0.9743689612589781,
                    -4.372590393850107
                ],
                [
                    0.09590068264085383,
                    0.9821818490199131,
                    0.16162262998987012,
                    0.5183899434596696
                ],
                [
                    0.0,
                    0.0,
                    0.0,
                    1.0
                ]
            ],
            "colmap_im_id": 396
        },
        {
            "file_path": "images/frame_00395.jpeg",
            "transform_matrix": [
                [
                    0.9783451197380489,
                    -0.08957385548351812,
                    0.18659408109198028,
                    -0.9509052945734702
                ],
                [
                    0.20049483115518332,
                    0.18622437126734623,
                    -0.9618327849611574,
                    -4.43722713550685
                ],
                [
                    0.051406705445858236,
                    0.9784155599538976,
                    0.20015079983678144,
                    0.7144383613454313
                ],
                [
                    0.0,
                    0.0,
                    0.0,
                    1.0
                ]
            ],
            "colmap_im_id": 395
        },
        {
            "file_path": "images/frame_00394.jpeg",
            "transform_matrix": [
                [
                    0.9853593562644719,
                    -0.06865522677068628,
                    0.15605575561039442,
                    -1.0297983693582826
                ],
                [
                    0.16850907597288475,
                    0.2530481822745671,
                    -0.9526653708214139,
                    -4.4502814931764725
                ],
                [
                    0.02591583177962971,
                    0.9650145477062008,
                    0.26091242281379945,
                    0.9186183670421696
                ],
                [
                    0.0,
                    0.0,
                    0.0,
                    1.0
                ]
            ],
            "colmap_im_id": 394
        },
        {
            "file_path": "images/frame_00393.jpeg",
            "transform_matrix": [
                [
                    0.991801887132399,
                    -0.009957311748496029,
                    0.12739650161348726,
                    -1.1591188648743092
                ],
                [
                    0.122852187163985,
                    0.3486277057094101,
                    -0.9291749366619928,
                    -4.491818861356593
                ],
                [
                    -0.03516186555968271,
                    0.9372083945177487,
                    0.3469928939558079,
                    1.4338843445186447
                ],
                [
                    0.0,
                    0.0,
                    0.0,
                    1.0
                ]
            ],
            "colmap_im_id": 393
        },
        {
            "file_path": "images/frame_00392.jpeg",
            "transform_matrix": [
                [
                    0.9929180378861632,
                    0.036501826195672486,
                    0.11305479523077615,
                    -1.1632630320166428
                ],
                [
                    0.08583370058061768,
                    0.43751501703150036,
                    -0.8951051255112792,
                    -4.44717833739137
                ],
                [
                    -0.08213614237915415,
                    0.8984699363675486,
                    0.43128346543632357,
                    1.9562132462036341
                ],
                [
                    0.0,
                    0.0,
                    0.0,
                    1.0
                ]
            ],
            "colmap_im_id": 392
        },
        {
            "file_path": "images/frame_00391.jpeg",
            "transform_matrix": [
                [
                    0.992886184694987,
                    0.065103018722884,
                    0.09969263360449533,
                    -1.1353282136782255
                ],
                [
                    0.058098607972763026,
                    0.46593916093208654,
                    -0.8829072714965771,
                    -4.555903629083185
                ],
                [
                    -0.10393063067960058,
                    0.8824184354732572,
                    0.4588421610352186,
                    2.2974928171503177
                ],
                [
                    0.0,
                    0.0,
                    0.0,
                    1.0
                ]
            ],
            "colmap_im_id": 391
        },
        {
            "file_path": "images/frame_00389.jpeg",
            "transform_matrix": [
                [
                    0.993305047196991,
                    -0.04401788420588922,
                    -0.10680594123465367,
                    -0.27360422444205446
                ],
                [
                    -0.11542744858550966,
                    -0.34099542792438,
                    -0.932951564791929,
                    -1.2020954439892413
                ],
                [
                    0.0046462163125373665,
                    0.9390338353886435,
                    -0.3437933516944026,
                    4.706903525789226
                ],
                [
                    0.0,
                    0.0,
                    0.0,
                    1.0
                ]
            ],
            "colmap_im_id": 390
        },
        {
            "file_path": "images/frame_00386.jpeg",
            "transform_matrix": [
                [
                    0.9475017627362312,
                    -0.07993845999325849,
                    -0.309596918953727,
                    -0.417256224061508
                ],
                [
                    -0.30894788417589564,
                    -0.4784267648314088,
                    -0.8219848146749363,
                    -2.2467358870447236
                ],
                [
                    -0.08241125211384506,
                    0.8744813739050467,
                    -0.4780070210971489,
                    4.094645623757338
                ],
                [
                    0.0,
                    0.0,
                    0.0,
                    1.0
                ]
            ],
            "colmap_im_id": 389
        },
        {
            "file_path": "images/frame_00390.jpeg",
            "transform_matrix": [
                [
                    0.9948532995994943,
                    -0.014051610081875967,
                    -0.10034672157129146,
                    -0.21439022927940365
                ],
                [
                    -0.10111082112374457,
                    -0.20214423276028215,
                    -0.9741223285673308,
                    -1.1894039742815448
                ],
                [
                    -0.0065965239089611685,
                    0.9792549522039007,
                    -0.202524626790064,
                    4.6583789413649965
                ],
                [
                    0.0,
                    0.0,
                    0.0,
                    1.0
                ]
            ],
            "colmap_im_id": 388
        },
        {
            "file_path": "images/frame_00388.jpeg",
            "transform_matrix": [
                [
                    0.9921427575660657,
                    -0.07390697373991617,
                    -0.10094804525997572,
                    -0.29923686922066
                ],
                [
                    -0.12412835315490325,
                    -0.48056114915320153,
                    -0.86813197952132,
                    -1.2499625649287507
                ],
                [
                    0.015649298778360306,
                    0.8738413707058975,
                    -0.48595921463697334,
                    4.799605545687238
                ],
                [
                    0.0,
                    0.0,
                    0.0,
                    1.0
                ]
            ],
            "colmap_im_id": 387
        },
        {
            "file_path": "images/frame_00387.jpeg",
            "transform_matrix": [
                [
                    0.9904656620404211,
                    -0.10105492133108343,
                    -0.09362518461182709,
                    -0.2988964152751008
                ],
                [
                    -0.13559644118415906,
                    -0.5951826416118331,
                    -0.7920676917171607,
                    -1.2683378945838226
                ],
                [
                    0.02431825357670775,
                    0.7972110924960394,
                    -0.6032106568556711,
                    4.8363845069238485
                ],
                [
                    0.0,
                    0.0,
                    0.0,
                    1.0
                ]
            ],
            "colmap_im_id": 386
        },
        {
            "file_path": "images/frame_00384.jpeg",
            "transform_matrix": [
                [
                    0.9414828328380531,
                    -0.06813000492049023,
                    -0.3301035866220914,
                    -0.48565376382586767
                ],
                [
                    -0.3306695326608226,
                    -0.3765087616940014,
                    -0.865389399367431,
                    -2.6236550187739036
                ],
                [
                    -0.06532790859278897,
                    0.9239044619424585,
                    -0.3770050524352539,
                    3.9343878830258876
                ],
                [
                    0.0,
                    0.0,
                    0.0,
                    1.0
                ]
            ],
            "colmap_im_id": 385
        },
        {
            "file_path": "images/frame_00385.jpeg",
            "transform_matrix": [
                [
                    0.991160022651142,
                    0.08932154667889634,
                    0.09809929050241746,
                    -1.153246022429384
                ],
                [
                    0.04162272069704197,
                    0.4927325504465187,
                    -0.8691847806147118,
                    -4.634108129246644
                ],
                [
                    -0.12597364256051335,
                    0.8655843662112658,
                    0.484659000071883,
                    2.7610614175967814
                ],
                [
                    0.0,
                    0.0,
                    0.0,
                    1.0
                ]
            ],
            "colmap_im_id": 384
        },
        {
            "file_path": "images/frame_00383.jpeg",
            "transform_matrix": [
                [
                    0.9445636709303926,
                    -0.07540727142056848,
                    -0.31955158421670443,
                    -0.5767529279496248
                ],
                [
                    -0.3260843057761506,
                    -0.32905100892055633,
                    -0.8862248354987858,
                    -2.9269246925886376
                ],
                [
                    -0.03832097447856315,
                    0.9412965403873895,
                    -0.33539875666099994,
                    3.443599450982004
                ],
                [
                    0.0,
                    0.0,
                    0.0,
                    1.0
                ]
            ],
            "colmap_im_id": 383
        },
        {
            "file_path": "images/frame_00381.jpeg",
            "transform_matrix": [
                [
                    0.9511254988977714,
                    -0.01821285987012308,
                    -0.30826705481094907,
                    -0.7853054414660516
                ],
                [
                    -0.3062053762905546,
                    -0.18487164976723433,
                    -0.9338419248690332,
                    -3.738917877934647
                ],
                [
                    -0.0399819068733009,
                    0.9825938961990819,
                    -0.18141301572677296,
                    2.92647095060307
                ],
                [
                    0.0,
                    0.0,
                    0.0,
                    1.0
                ]
            ],
            "colmap_im_id": 382
        },
        {
            "file_path": "images/frame_00382.jpeg",
            "transform_matrix": [
                [
                    0.9487682630561155,
                    -0.032036668380369955,
                    -0.3143444526257268,
                    -0.6903815905878457
                ],
                [
                    -0.31183581463932,
                    -0.2553941591302857,
                    -0.9151678797851058,
                    -3.3036473124332346
                ],
                [
                    -0.05096280727857569,
                    0.9663060981703576,
                    -0.25230005333544064,
                    3.0330657423575507
                ],
                [
                    0.0,
                    0.0,
                    0.0,
                    1.0
                ]
            ],
            "colmap_im_id": 381
        },
        {
            "file_path": "images/frame_00380.jpeg",
            "transform_matrix": [
                [
                    0.962337407629722,
                    0.0031089040483258243,
                    -0.27184011586247653,
                    -0.8798456782866334
                ],
                [
                    -0.2696318187719605,
                    -0.11678612231297518,
                    -0.9558554723078294,
                    -4.098602853720366
                ],
                [
                    -0.03471881596816073,
                    0.99315222214458,
                    -0.11154939474085855,
                    2.5173905730433943
                ],
                [
                    0.0,
                    0.0,
                    0.0,
                    1.0
                ]
            ],
            "colmap_im_id": 380
        },
        {
            "file_path": "images/frame_00379.jpeg",
            "transform_matrix": [
                [
                    0.9675950021679711,
                    0.002299842219710779,
                    -0.2524967772177075,
                    -0.9498287604532896
                ],
                [
                    -0.2506982772571438,
                    -0.11073073688605024,
                    -0.9617115355910901,
                    -4.399596691154474
                ],
                [
                    -0.0301709389954049,
                    0.9938477824266836,
                    -0.1065659411148741,
                    2.1388990823445857
                ],
                [
                    0.0,
                    0.0,
                    0.0,
                    1.0
                ]
            ],
            "colmap_im_id": 379
        },
        {
            "file_path": "images/frame_00378.jpeg",
            "transform_matrix": [
                [
                    0.9698241136030371,
                    0.05411346040571145,
                    -0.23772446671935699,
                    -0.9457902178974383
                ],
                [
                    -0.23469580625857658,
                    -0.05683559492462446,
                    -0.9704058911992449,
                    -4.437896030997342
                ],
                [
                    -0.06602323226501321,
                    0.9969159686515626,
                    -0.04242032824951518,
                    1.8785338588682832
                ],
                [
                    0.0,
                    0.0,
                    0.0,
                    1.0
                ]
            ],
            "colmap_im_id": 378
        },
        {
            "file_path": "images/frame_00377.jpeg",
            "transform_matrix": [
                [
                    0.9724175089594976,
                    0.0593561207141427,
                    -0.22556825841144745,
                    -0.9351407730873729
                ],
                [
                    -0.2244845782751371,
                    -0.024419753506800163,
                    -0.9741716223311482,
                    -4.361089888230591
                ],
                [
                    -0.06333136968074563,
                    0.9979381376480384,
                    -0.010421662147925113,
                    1.589108628316749
                ],
                [
                    0.0,
                    0.0,
                    0.0,
                    1.0
                ]
            ],
            "colmap_im_id": 377
        },
        {
            "file_path": "images/frame_00375.jpeg",
            "transform_matrix": [
                [
                    0.9891425967299267,
                    -0.022357928789564347,
                    -0.1452482232408309,
                    -0.8076358783946876
                ],
                [
                    -0.14429491002626005,
                    0.03957900081511809,
                    -0.9887428794357965,
                    -4.190684936726233
                ],
                [
                    0.027855022435657656,
